1110001110011100001100001100000110000001000100100100100010011100000000110000
4
1000011001001010000001111111111000000011111110000001110101001010000111100011
10
1110001110011100001100001100000110000001000100100100100010011100000000110000
7
1000011001001010000001111111111000000011111110000001110101001010000111100011
8
1000000000011111111111111111000000101010101010101010101011011110001111001100
15
1000111000011111111111111111000000101010101010101010101011011110001111001100
10
1110001110011100001100001100000110000001000100100100100010011100000000110000
4
1000011001001010000001111111111000000011111110000001110101001010000111100011
10
1110001110011100001100001100000110000001000100100100100010011100000000110000
1
1000011001001010000001111111111000000011111110000001110101001010000111100011
2
1000000000011111111111111111000000101010101010101010101011011110001111001100
3
1000111000011111111111111111000000101010101010101010101011011110001111001100
4
1110001110011100001100001100000110000001000100100100100010011100000000110000
4
1000011001001010000001111111111000000011111110000001110101001010000111100011
10
1110001110011100001100001100000110000001000100100100100010011100000000110000
7
1000011001001010000001111111111000000011111110000001110101001010000111100011
8
1000000000011111111111111111000000101010101010101010101011011110001111001100
15
1000111000011111111111111111000000101010101010101010101011011110001111001100
10
1110001110011100001100001100000110000001000100100100100010011100000000110000
4
1000011001001010000001111111111000000011111110000001110101001010000111100011
10
1110001110011100001100001100000110000001000100100100100010011100000000110000
7
1000011001001010000001111111111000000011111110000001110101001010000111100011
8
1000000000011111111111111111000000101010101010101010101011011110001111001100
15
1000111000011111111111111111000000101010101010101010101011011110001111001100
10
1110001110011100001100001100000110000001000100100100100010011100000000110000
5
1000011001001010000001111111111000000011111110000001110101001010000111100011
6
1110001110011100001100001100000110000001000100100100100010011100000000110000
7
1000011001001010000001111111111000000011111110000001110101001010000111100011
8
1000000000011111111111111111000000101010101010101010101011011110001111001100
9
1000111000011111111111111111000000101010101010101010101011011110001111001100
10
1110001110011100001100001100000110000001000100100100100010011100000000110000
1
1000011001001010000001111111111000000011111110000001110101001010000111100011
2
1110001110011100001100001100000110000001000100100100100010011100000000110000
3
1000011001001010000001111111111000000011111110000001110101001010000111100011
4
1000000000011111111111111111000000101010101010101010101011011110001111001100
5
1000111000011111111111111111000000101010101010101010101011011110001111001100
6
1110001110011100001100001100000110000001000100100100100010011100000000110000
7
1000011001001010000001111111111000000011111110000001110101001010000111100011
8
1110001110011100001100001100000110000001000100100100100010011100000000110000
9
1000011001001010000001111111111000000011111110000001110101001010000111100011
10
1000000000011111111111111111000000101010101010101010101011011110001111001100
11
1000111000011111111111111111000000101010101010101010101011011110001111001100
12
1110001110011100001100001100000110000001000100100100100010011100000000110000
4
1000011001001010000001111111111000000011111110000001110101001010000111100011
10
1110001110011100001100001100000110000001000100100100100010011100000000110000
7
1000011001001010000001111111111000000011111110000001110101001010000111100011
8
1000000000011111111111111111000000101010101010101010101011011110001111001100
15
1000111000011111111111111111000000101010101010101010101011011110001111001100
10
1110001110011100001100001100000110000001000100100100100010011100000000110000
4
1000011001001010000001111111111000000011111110000001110101001010000111100011
10
1110001110011100001100001100000110000001000100100100100010011100000000110000
7
1000011001001010000001111111111000000011111110000001110101001010000111100011
8
1000000000011111111111111111000000101010101010101010101011011110001111001100
15
1000111000011111111111111111000000101010101010101010101011011110001111001100
10
1110001110011100001100001100000110000001000100100100100010011100000000110001
1
1000011001001010000001111111111000000011111110000001110101001010000111100010
2
1110001110011100001100001100000110000001000100100100100010011100000000110001
3
1000011001001010000001111111111000000011111110000001110101001010000111100011
4
1000000000011111111111111111000000101010101010101010101011011110001111001100
5
1000111000011111111111111111000000101010101010101010101011011110001111001100
6
1110001110011100001100001100000110000001000100100100100010011100000000110001
1
1000011001001010000001111111111000000011111110000001110101001010000111100010
2
1110001110011100001100001100000110000001000100100100100010011100000000110001
3
1000011001001010000001111111111000000011111110000001110101001010000111100011
4
1000000000011111111111111111000000101010101010101010101011011110001111001100
5
1000111000011111111111111111000000101010101010101010101011011110001111001100
6
1110001110011100001100001100000110000001000100100100100010011100000000110001
1
1000011001001010000001111111111000000011111110000001110101001010000111100010
2
1110001110011100001100001100000110000001000100100100100010011100000000110001
3
1000011001001010000001111111111000000011111110000001110101001010000111100011
4
1000000000011111111111111111000000101010101010101010101011011110001111001100
5
1000111000011111111111111111000000101010101010101010101011011110001111001100
6
1110001110011100001100001100000110000001000100100100100010011100000000110001
11
1000011001001010000001111111111000000011111110000001110101001010000111100010
12
1110001110011100001100001100000110000001000100100100100010011100000000110001
13
1000011001001010000001111111111000000011111110000001110101001010000111100011
14
1000000000011111111111111111000000101010101010101010101011011110001111001100
15
1000111000011111111111111111000000101010101010101010101011011110001111001100
1
1110001110011100001100001100000110000001000100100100100010011100000000110001
11
1000011001001010000001111111111000000011111110000001110101001010000111100010
12
1110001110011100001100001100000110000001000100100100100010011100000000110001
13
1000011001001010000001111111111000000011111110000001110101001010000111100011
14
1000000000011111111111111111000000101010101010101010101011011110001111001100
15
1000111000011111111111111111000000101010101010101010101011011110001111001100
1
1110001110011100001100001100000110000001000100100100100010011100000000110001
11
1000011001001010000001111111111000000011111110000001110101001010000111100010
12
1110001110011100001100001100000110000001000100100100100010011100000000110001
13
1000011001001010000001111111111000000011111110000001110101001010000111100011
14
1000000000011111111111111111000000101010101010101010101011011110001111001100
15
1000111000011111111111111111000000101010101010101010101011011110001111001100
1
1110001110011100001100001100000110000001000100100100100010011100000000110001
11
1000011001001010000001111111111000000011111110000001110101001010000111100010
12
1110001110011100001100001100000110000001000100100100100010011100000000110001
13
1000011001001010000001111111111000000011111110000001110101001010000111100011
14
1000000000011111111111111111000000101010101010101010101011011110001111001100
15
1000111000011111111111111111000000101010101010101010101011011110001111001100
1
1110001110011100001100001100000110000001000100100100100010011100000000110001
11
1000011001001010000001111111111000000011111110000001110101001010000111100010
12
1110001110011100001100001100000110000001000100100100100010011100000000110001
13
1000011001001010000001111111111000000011111110000001110101001010000111100011
14
1000000000011111111111111111000000101010101010101010101011011110001111001100
15
1000111000011111111111111111000000101010101010101010101011011110001111001100
1
1110001110011100001100001100000110000001000100100100100010011100000000110001
11
1000011001001010000001111111111000000011111110000001110101001010000111100010
12
1110001110011100001100001100000110000001000100100100100010011100000000110001
13
1000011001001010000001111111111000000011111110000001110101001010000111100011
14
1000000000011111111111111111000000101010101010101010101011011110001111001100
15
1000111000011111111111111111000000101010101010101010101011011110001111001100
1
1110001110011100001100001100000110000001000100100100100010011100000000110001
11
1000011001001010000001111111111000000011111110000001110101001010000111100010
12
1110001110011100001100001100000110000001000100100100100010011100000000110001
13
1000011001001010000001111111111000000011111110000001110101001010000111100011
14
1000000000011111111111111111000000101010101010101010101011011110001111001100
15
1000111000011111111111111111000000101010101010101010101011011110001111001100
1
1110001110011100001100001100000110000001000100100100100010011100000000110001
1
1000011001001010000001111111111000000011111110000001110101001010000111100010
2
1110001110011100001100001100000110000001000100100100100010011100000000110001
3
1000011001001010000001111111111000000011111110000001110101001010000111100011
4
1000000000011111111111111111000000101010101010101010101011011110001111001100
15
1000111000011111111111111111000000101010101010101010101011011110001111001100
6
1010001110011100001100001100000110000001000100100100100010011100000000110001
11
1100011001001010000001111111111000000011111110000001110101001010000111100010
12
1010001110011100001100001100000110000001000100100100100010011100000000110001
13
1100011001001010000001111111111000000011111110000001110101001010000111100011
14
1100000000011111111111111111000000101010101010101010101011011110001111001100
15
1100111000011111111111111111000000101010101010101010101011011110001111001100
1
1010001110011100001100001100000110000001000100100100100010011100000000110001
11
1100011001001010000001111111111000000011111110000001110101001010000111100010
12
1010001110011100001100001100000110000001000100100100100010011100000000110001
13
1100011001001010000001111111111000000011111110000001110101001010000111100011
14
1100000000011111111111111111000000101010101010101010101011011110001111001100
15
1100111000011111111111111111000000101010101010101010101011011110001111001100
1
1010001110011100001100001100000110000001000100100100100010011100000000110001
11
1100011001001010000001111111111000000011111110000001110101001010000111100010
12
1010001110011100001100001100000110000001000100100100100010011100000000110001
13
1100011001001010000001111111111000000011111110000001110101001010000111100011
14
1100000000011111111111111111000000101010101010101010101011011110001111001100
15
1100111000011111111111111111000000101010101010101010101011011110001111001100
1
1010001110011100001100001100000110000001000100100100100010011100000000110001
11
1100011001001010000001111111111000000011111110000001110101001010000111100010
12
1010001110011100001100001100000110000001000100100100100010011100000000110001
13
1100011001001010000001111111111000000011111110000001110101001010000111100011
14
1100000000011111111111111111000000101010101010101010101011011110001111001100
15
1100111000011111111111111111000000101010101010101010101011011110001111001100
1
1010001110011100001100001100000110000001000100100100100010011100000000110001
11
1100011001001010000001111111111000000011111110000001110101001010000111100010
12
1010001110011100001100001100000110000001000100100100100010011100000000110001
13
1100011001001010000001111111111000000011111110000001110101001010000111100011
14
1100000000011111111111111111000000101010101010101010101011011110001111001100
15
1100111000011111111111111111000000101010101010101010101011011110001111001100
1
1010001110011100001100001100000110000001000100100100100010011100000000110001
15
1100011001001010000001111111111000000011111110000001110101001010000111100010
14
1010001110011100001100001100000110000001000100100100100010011100000000110001
13
1100011001001010000001111111111000000011111110000001110101001010000111100011
12
1100000000011111111111111111000000101010101010101010101011011110001111001100
10
1100111000011111111111111111000000101010101010101010101011011110001111001100
9
1010001110011100001100001100000110000001000100100100100010011100000000110001
15
1100011001001010000001111111111000000011111110000001110101001010000111100010
14
1010001110011100001100001100000110000001000100100100100010011100000000110001
13
1100011001001010000001111111111000000011111110000001110101001010000111100011
12
1100000000011111111111111111000000101010101010101010101011011110001111001100
10
1100111000011111111111111111000000101010101010101010101011011110001111001100
9
1010001110011100001100001100000110000001000100100100100010011100000000110001
15
1100011001001010000001111111111000000011111110000001110101001010000111100010
14
1010001110011100001100001100000110000001000100100100100010011100000000110001
13
1100011001001010000001111111111000000011111110000001110101001010000111100011
12
1100000000011111111111111111000000101010101010101010101011011110001111001100
10
1100111000011111111111111111000000101010101010101010101011011110001111001100
9
1010001110011100001100001100000110000001000100100100100010011100000000110001
15
1100011001001010000001111111111000000011111110000001110101001010000111100010
14
1010001110011100001100001100000110000001000100100100100010011100000000110001
13
1100011001001010000001111111111000000011111110000001110101001010000111100011
12
1100000000011111111111111111000000101010101010101010101011011110001111001100
10
1100111000011111111111111111000000101010101010101010101011011110001111001100
9
1010001110011100001100001100000110000001000100100100100010011100000000110001
15
1100011001001010000001111111111000000011111110000001110101001010000111100010
14
1010001110011100001100001100000110000001000100100100100010011100000000110001
13
1100011001001010000001111111111000000011111110000001110101001010000111100011
12
1100000000011111111111111111000000101010101010101010101011011110001111001100
10
1100111000011111111111111111000000101010101010101010101011011110001111001100
9
1010001110011100001100001100000110000001000100100100100010011100000000110001
15
1100011001001010000001111111111000000011111110000001110101001010000111100010
14
1010001110011100001100001100000110000001000100100100100010011100000000110001
13
1100011001001010000001111111111000000011111110000001110101001010000111100011
12
1100000000011111111111111111000000101010101010101010101011011110001111001100
10
1100111000011111111111111111000000101010101010101010101011011110001111001100
9
1010001110011100001100001100000110000001000100100100100010011100000000110001
15
1100011001001010000001111111111000000011111110000001110101001010000111100010
14
1010001110011100001100001100000110000001000100100100100010011100000000110001
13
1100011001001010000001111111111000000011111110000001110101001010000111100011
12
1100000000011111111111111111000000101010101010101010101011011110001111001100
10
1100111000011111111111111111000000101010101010101010101011011110001111001100
9
1010001110011100001100001100000110000001000100100100100010011100000000110001
15
1100011001001010000001111111111000000011111110000001110101001010000111100010
14
1010001110011100001100001100000110000001000100100100100010011100000000110001
13
1100011001001010000001111111111000000011111110000001110101001010000111100011
12
1100000000011111111111111111000000101010101010101010101011011110001111001100
10
1100111000011111111111111111000000101010101010101010101011011110001111001100
9